Your passbook details:  
Money: 2022-03-11    16:44:17.455464100:	500.0
Money: 2022-03-11    16:44:28.108552800:	-213.0
