Your passbook details:  
Money: 2022-03-15    15:02:53.831176600:	500.0
Money: 2022-03-15    15:03:03.619393400:	-123.0
